0.6655540226572734
0.00960256137842841
0.35997146029004556
0.1423569139936518
0.16363605625257271
0.9117901530928681
0.48408295938339374
0.4649313614683064
0.7235407541318489
0.05815751521139201
0.5248938143330124
0.22461711789759276
0.1177436357195416
0.04919209981476136
0.34762494233679386
0.8945306092196765
0.40329016959323394
0.8234210807740567
0.3866495012575465
0.5413332439490154
0.7218547196268754
0.0018039163579626205
0.13918637830761393
0.7055933473635606
0.15150477402339146
0.026910342149739197
0.7623498112170057
0.72685096447082
0.6922322656679423
0.7914946639263619
0.9107930856798839
0.25145364852564833
0.33547788647082133
0.10830302474490361
0.4609727485043922
0.5840819471504801
0.5672883167039199
0.8114279006403288
0.30809893322564375
0.747985646601319
