0.8452100180392476
0.5120966872186725
0.5310123324450401
0.04406894842301401
0.42356565975628846
0.9238944206336942
0.10777107679351128
0.4940476095639247
0.09382350934950812
0.3371690063360233
0.47242793603824473
0.7687752145344486
0.8756383501677298
0.7837223328567771
0.40932873667739844
0.8709080331089283
0.660397396078497
0.9604174784725424
0.3856083787122623
0.4029880770896772
0.5487471322623882
0.17535766658723684
0.05589155818054059
0.03196571945122806
0.7405842847029934
0.6119183526925284
0.8451687400888768
0.29154878616792723
0.7332795451230735
0.03187854536245771
0.7313384503736017
0.49450384015333404
0.5419088801424179
0.12971808021286402
0.38503855265728315
0.8209799820313578
0.019526395177608014
0.49721799643231657
0.7667732877438579
0.0991208581754136
