0.8160213971011254
0.14867984445356988
0.20433436965587876
0.1342410602086607
0.06379543741091072
0.09752035858431582
0.0989810103832146
0.2392254652882635
0.22720284356280213
0.04415367625080629
0.5578644903916397
0.25339878969934804
0.1269724534834583
0.20510049911960979
0.45165481675391017
0.048433099203903034
0.41714134771282896
0.669221455351847
0.15046939819328278
0.3547815210820407
0.4914144523251675
0.2808319502793165
1.2744838404596393
0.22409910824829177
0.021238485634061142
0.33825400139391637
0.22675912378463842
0.2781154720144936
0.08387906391522292
0.42763378090127635
0.2260681871582734
-0.47818715329238143
0.13949379171735662
1.1635046371213826
-0.9342327759467375
0.39249310860389164
-0.06171614868933629
0.14316741284018183
-0.22119611342621967
0.853446932861388
-0.32606092474977605
-0.8749913242948607
0.225755737252905
0.9376300968982685
0.8196136106935965
0.8968780679844998
1.1035977810733395
0.5780698021259342
0.7690744508044777
-0.4062466673618815
