0.7714044258095009
0.2343314979439919
0.20995916736550294
0.12319883617082529
0.04198335060829533
0.07211513394859148
0.19317414935554603
0.08212604016102187
0.27135165484744544
0.17228559421499712
0.3006745625700263
0.24264824029085832
0.17810579430236095
0.17743731402579088
0.5114444189425958
0.19009554896671366
0.18958604619956876
0.7344535426074613
-0.1535893549851969
-0.025070194754968474
-0.14321470617117077
0.6990165435766491
0.9884983005526495
0.7962451656126278
0.08430079811627798
0.16476511977423355
0.74870355315612
-0.1530588298588593
0.2271757219897236
-0.05500795857523213
0.6510817559821926
0.3048228671980911
-0.02761112001786071
0.680963630164883
0.6681754575501894
-0.08860461919092145
0.6740083373120189
0.6709200281196849
0.16211130992480327
1.0092487907033838
0.5519235264413117
0.49684102396164914
0.5122917488310245
0.19556910320237084
-0.270787996666415
0.09706425787740965
0.41053444862189936
1.23369501877393
0.1761178626459882
-0.04857857496983315
