1.377053006250003
0.5838052826890046
0.40409796016305644
0.4744832062770258
0.2510574698340234
0.3348425077938083
0.7009027705749746
0.21659957121552934
0.12872726974211385
0.3503173367203404
0.6520365916517943
0.13698684674872696
0.6265867112845552
0.1376044308926964
0.42593132058103167
0.49741488708901666
-0.30176273676473925
-0.1954569414381199
-0.26812357506888423
0.013797158915608428
-0.3112012511165826
0.13268811230085695
-6.312678532095153E-4
0.33207328180931256
0.21330914184148042
0.7129258147955768
0.09014350065782852
0.2606215171272408
0.30832201338100773
0.13236499384344638
-0.2842571930207848
-0.3315477525099658
-1.2203240586781818
0.46676438157027966
1.5401254810756035
1.4660537932795839
-0.88240799445954
-1.6381584847780335
0.24823988342582667
-1.036158100023336
0.6978180364573047
-1.4480276370805767
0.7977445857553339
0.8811007318685637
-1.4794785581650696
-2.0592232210915657
0.6574343164994627
2.587185125675328
-0.20335838577247686
1.5275441096676037
