-0.17343195387593263
0.29243633359133386
0.0719578111155813
0.050933590851339736
0.15546024224519345
0.12867775183989483
0.09785797906449228
0.11914074053185955
0.15026916316614447
0.1177418953658925
0.09886829537217257
0.10751006301859664
0.09948630449860914
0.09987782564032964
0.08991514834405298
0.09036010909517746
0.1625093321068623
0.1283276239496636
0.1182784178181081
0.11908717850257515
0.12156091364326817
0.12787009462479323
0.12902482287125555
0.09235199751512037
0.13579147723148016
0.1605188658522118
0.043913123438483755
0.13757471955350498
0.09377457153552071
0.12882411609599353
0.08558626244982871
0.10663684255098807
0.09303572902441828
0.06852737133093113
0.11859433186767533
0.08247895889297477
0.08937898237850848
0.1292114253719726
0.10444198708767422
0.09234779985090473
0.10256138751943088
0.0880817140986192
0.09769273712227092
0.11271306273151928
0.0849357578162568
0.07972384511388497
0.0895040322918723
0.11557126002296157
0.09041865415766415
0.09472611353323
