-0.7008365843990467
0.3698963461007014
0.1658595491742984
0.04370229483971282
0.1103240668323443
0.058162036439831664
0.07309849870190378
0.13433962125956875
0.10004012840543114
0.04999740768977457
0.14830775491731957
0.04144235503301691
0.16588545506933358
0.10264614785809473
0.16462780316086423
0.20476748383295829
0.12580168639435468
0.01116654223626461
0.1554571778676548
-0.08233420153299956
0.24880407775387983
-0.004635718848548472
0.17342826144886436
0.11218271020826752
0.11872978133649989
0.0630394815671865
-0.017899863040758232
0.19508510913294874
0.23402041145385052
0.13465576464322096
0.14605002093260291
0.14581615454548918
0.12840799641750034
0.0785700926648187
0.16677000409671128
0.17103310428059335
0.08096041729040068
0.1357520606642331
0.07593915698225309
0.025791271584530494
0.1676336541953387
0.17473029193181505
0.18300011324916232
0.15508168424159552
0.01642315421649061
0.09039513620977782
0.018541961601812155
-0.07591106787707669
0.09449693332027567
-0.03863174891593288
