-0.3373036197329646
0.5288840999413118
-0.1340863169211374
0.15324377822351515
-0.11780712413272355
0.11635745417996589
-0.03997417007012825
0.07587174567429834
0.03777487595742906
0.14754339834342767
-0.01412671612830125
0.08491562620019241
-0.025610357966062442
0.12409765579963418
0.06080891547839864
0.02832197623361195
0.005444837933492494
0.12224829233464729
0.0015549966828256627
0.10572216500129952
0.11419139777899902
-0.005215929906621358
0.02850887439917117
0.030061658948705872
0.08384321903908308
0.11915484299273262
0.0724015833476251
0.06456291203545575
0.08382471900807995
0.08364379079022034
0.18822127865996663
0.11631972042811971
0.06935063993439734
-0.009808961013530243
0.06740252340850045
0.0657234890402509
0.02548729925570835
0.07134799922876965
0.0752438457758702
0.102657603405357
0.07801600068073908
0.09182018523056844
0.06613194741132682
0.11684291838788351
0.11438259112824804
0.09796612749064834
0.10253079492960365
-0.03469026169067164
0.1660257406057705
0.10424191950157587
