9.027859401978816E-4
5.077649705782028E-5
9.494069643148544E-4
5.666525390256341E-4
3.4653983471391613E-4
8.986003898126343E-4
4.5369314666496405E-4
7.844770159656489E-5
9.18933965288625E-4
2.315692136978853E-5
2.9203488968360225E-5
6.865793084889139E-4
9.924373530802706E-4
9.395685425416094E-4
5.162801194339152E-4
8.417982447691375E-4
9.968102324144253E-4
6.0840868271252016E-5
3.7747670868298444E-4
3.739854345955788E-4
2.2577222679681752E-4
9.060946476532078E-4
5.735381676810505E-4
4.158480066646055E-4
4.2484905429344467E-4
1.4943231732921481E-4
7.299126209402164E-4
5.946943448926867E-4
8.092318877119032E-4
6.526576756087592E-4
2.724148174162767E-4
1.2948189828468793E-5
7.161640904659893E-5
7.940133305600367E-4
4.4991826067660313E-4
1.6013289919243766E-4
7.573715829253896E-4
7.302953058716079E-4
8.074610311248744E-4
1.773762876337792E-4
1.0802066407215328E-4
7.111500368920862E-4
7.24908072777536E-4
8.300582738962438E-4
1.0389981334611863E-4
2.0205357172926452E-4
9.432080410876775E-5
1.3504180332456794E-4
9.729929108333718E-4
3.6641891004942663E-4
