0.20891233298907808
0.18547804856120997
0.3088358934301211
0.5016044508122254
0.3369868464679774
0.9302727377892226
0.2276418985000508
0.5390328415010185
0.9348673044403497
0.840192458223383
0.7013624406810897
0.9520317929821883
0.49849610292158486
0.5828451066083925
0.6434030963781072
0.9740110075255267
0.07172916503343096
0.7400249619971168
0.3580199970127861
0.2734417290047074
0.06519437135193407
0.7528884646757031
0.6210004980277202
0.6552584712620633
0.6794294725379991
0.27204560100171693
0.8609763659797112
0.9483198367336223
0.1752500489251999
0.37548850247337895
0.1262148764259301
0.1907750770403469
0.06339924000181707
0.672941813264982
0.36645880290104427
0.4214727191420785
0.39588319274775596
0.40213494758794
0.18536386396176252
0.6130860665019403
0.7329971320897044
0.2406587053135022
0.6263080557471993
0.5414198153869627
0.03289860627289165
0.7064842786235775
0.7428240245710701
0.6754008671158485
0.6646865960988628
0.7008857270932951
0.6746325124692601
0.4935456512337417
0.9812956986820485
0.9594216660757043
0.7012309996005947
0.9852352316943399
0.4051174226389863
0.9197955809510007
0.2772185206604618
0.4789185653942154
0.7771110387747467
0.7898285464522489
0.3670142496384814
0.3544031622049175
0.7992685906965441
0.4044419292880397
0.49135354521062535
0.642682101066591
0.7606503630916888
0.797462001236975
0.7739225457447341
0.9942843694462363
0.37880815284198965
0.282222022190599
0.9337179541712333
0.005925523913481112
0.5112656990348862
0.23435213091555784
0.6071962480311038
0.43527427557859943
0.6958269184417347
0.7008104892728846
0.6040020612391471
0.40493954400852683
0.9638343850610414
0.4211239756383087
0.7010430689162845
0.29932210991115626
0.13710175768886712
0.8399706331033414
0.361904431143494
0.6917634422169251
0.8670958498777069
0.21464961394673565
0.3320730386309412
0.30446372495682095
0.004044978840647806
0.9766493119890898
0.4051678006722401
0.6999301330259784
0.4940025825411629
0.09343747542556913
0.7813493926501869
0.13025531645638688
0.8934959367528916
0.29476195065395205
0.34630886749213763
0.7293151482241099
0.7642416247721152
0.6771644465533782
0.8877114041018388
0.023014219897440458
0.6645113474510098
0.3810734611115155
0.7356981579375337
0.5539958275753016
0.18908250329809406
0.7467574256337933
0.565025292232201
0.2697731683952229
0.5263101613540134
0.5985819326435718
0.1286462482734667
0.20702697655887958
0.29870829861710313
0.08143044997284665
0.5060197887712504
0.9198539832953694
0.032529685958094356
0.7788106720197012
0.04415258786144338
0.04603953809192729
0.4621857605408193
0.6790835072920622
0.5453623517179425
0.3829674325429625
0.016948803145500846
0.9244155050224065
0.4129731614804195
0.8535679348072205
0.2602308018334446
0.17646957922589945
0.4046322582102223
0.782745056814474
0.7558348154631331
0.863513032172275
0.36266318707731204
0.976012844870803
0.8209257496910861
0.5355358724309919
0.7918471545963286
0.19460924397161694
0.8920701167138637
0.04713647404608956
0.4372513618710474
0.7551455223975133
0.7785444405086077
0.312345762804041
0.07819882598539718
0.1468882682550946
0.9062148859288799
0.9312251194573343
0.5992014731048654
0.7560597176434238
0.7656414557224417
0.07498732637942218
0.024654770844529716
0.014081807367467447
0.1696619032065071
0.6345537213193725
0.6113179683272685
0.5454776880131142
0.5985619045512695
0.7868751984701982
0.28108190171388237
0.1811840189415732
0.8650401260700646
0.8140082036380282
0.6462515920689783
0.02431649662177149
0.5665276267399675
0.22185155266721135
0.6305482498017827
0.10796957778501326
0.3090229832691822
0.9486135401661138
0.221261467729454
0.5684208137785561
0.48445654150369055
0.7274927698965972
0.2014592254994264
0.672149628737269
0.46269757019171065
0.4737207418613385
0.8058895750781411
0.48136835107600107
0.41967106793155395
0.9030277903160652
0.1201846478532902
0.42030358552118485
0.6646513212088461
0.45675829959007896
0.7002042927566469
0.5132544042222053
0.25265185875904916
0.008274740602032482
0.3268327150552024
0.6054928438062902
0.8719320972514415
0.7559552054829635
0.031268918934110546
0.4493616715534896
0.48199337626567973
0.1700016282422786
0.5268271662411097
0.14046315097898154
0.9440380776756087
0.8534413091666821
0.9654915340281586
0.02262151889047448
0.9337172318319901
0.7021177773425947
0.5009439333183524
0.8453414400667171
0.755093744892874
0.8041311115484335
0.4845125433268067
0.6537729843351153
0.2850997508572458
0.10610202853009465
0.24646354056306585
0.6187336095409233
0.16936810495383026
0.9917980115255408
0.3222859281475745
0.773125850133848
0.5631699453422598
0.5680740272843714
0.6720954687511367
0.41112934701840964
0.16529139530764558
0.6337441918752341
0.9110107743371693
0.7278339187421896
0.028034139771786815
0.018914749939037412
0.8193307192125867
0.1295204860365713
0.6431266538943704
0.22547334596164859
0.4335690247916215
0.5285848276665251
0.10118346985388071
0.07384271834470235
0.8328788169245558
0.8521388225588225
0.7014523933418214
0.36677196050625527
0.3301257789310672
0.9396125625701678
0.24894062641051096
0.41785188107257376
0.15284571900075694
0.9822199027372812
0.4176122999385693
0.6606054247362001
0.8565486744049272
0.6659390553734892
0.9812018926134763
0.453417753710764
0.6513083834048333
0.21969893955714836
0.41728880465183604
0.6262355379735386
0.542302085365812
0.6417509746811407
0.37563100332210453
0.27687768437378113
0.6859428740274247
0.4797450793171566
0.7683561254868632
0.8179653209013896
0.6454728141489313
0.6738179984086157
0.7874607182545862
0.2998917401197396
0.2933617346026317
0.1370403320327256
0.9841695763024927
0.5909175759101276
0.9525834204772735
0.943858966513817
0.6550587197058151
0.08239059448582842
0.9948171723275571
0.2247093047598132
0.17144710645797157
0.2052533774311177
0.5208493211369476
0.12376188333091431
0.5614138681046161
0.19341615932793255
0.9369261785413854
0.4668061934871286
0.6078992182052089
0.2102366321873096
0.21053593090282352
0.10756426426970278
0.9616989865389779
0.1662617360557188
0.34007394106316524
0.2732650012313447
0.2847639191054926
0.29955140435825456
0.10507234273731347
0.6140999230376166
0.23706688554500444
0.8643177796263678
0.4771515488848833
0.07621949013703944
0.19940252110876855
0.07927755699299488
0.16657737845817433
0.1642186419935483
0.9848351361865314
0.8240292978796226
0.6552847088974468
0.6365990214805193
0.43311278711229495
0.43993153132826135
0.7244546941626896
0.18648466532843078
0.7052165485902798
0.3913714638650777
0.923209184773518
0.19990645610312507
0.2993156762210316
0.4739783443366481
0.6447128088570119
0.25526059924276634
0.2947512290419424
0.7182494860961167
0.47694949142030296
0.6300844107342077
0.09727173404115863
0.1302209332582075
0.2776666288193179
0.7150827109701248
0.006596494805240716
0.9352290387099426
0.9864572480302346
0.9003763333020167
0.2564836250982465
0.046473188210452654
0.531676418101942
0.1952340990580831
0.7878310189582494
0.06700357213959196
0.31586503023865475
0.5700881338991414
0.9069409356678565
0.2519230325982116
0.6705807653493987
0.7684216746015672
0.15392929814450929
0.5070045455070525
0.36001229577979177
0.12615733368965176
0.1603634833397728
0.6805916018456752
0.682479579293847
0.7574636270057435
0.010562942193097169
0.11756120681718374
0.9698995743274241
0.3184352374565781
0.6375994776704837
0.6872949025238249
0.31752337253226337
0.44389323201703335
0.08288469224065775
0.2720156864900759
0.18972699672262672
0.8675889654170065
0.027334552178275184
0.007514114154292706
0.14236524592648803
0.18238550423604538
0.8624516588589858
0.4052000526632882
0.27817371935344193
0.17452921508187824
0.7112683026081967
0.852580908312258
0.2089317065705384
0.6749127232143534
0.23194408170193603
0.8886814588800536
0.2365741922289989
0.910270342918612
0.7409142101602332
0.0815839249576914
0.18516853050068038
0.4085354173052985
0.1778355284805423
0.29718151850482677
0.8166476402484097
0.6151285993407318
0.7011793685411037
0.6414026092541963
0.04541794465368365
0.5107346630073925
0.251171289265539
0.3825762674502624
0.23043716069238307
0.686165114233202
0.2458803033149548
0.7162749287843714
0.6680835404144246
0.5261922467175966
0.6866105933535247
0.32188297621687134
0.035114396655949065
0.38177984651726204
0.34035107144537047
0.27830483914481374
0.9382389473891053
0.8689247626998894
0.33988956115815316
0.055639956762602805
0.9153062267031411
0.7223623573559821
0.4962997730417733
0.9803160252802701
0.20283650838189948
0.9536780675265305
0.8538606301212991
0.7830859008750832
0.3355996912323487
0.41590641771645853
0.5340699984787672
0.5824581516185027
0.17617255790599706
0.26048806793988255
0.7132648530155252
0.9305444112760222
0.2858814393709922
0.18749381070096816
0.6574632907474299
0.3539716193741561
0.6432650609191223
0.8363144933601986
0.09839358994375824
0.1594206868136071
0.5921677306237229
0.1415542276042926
0.8762787960298197
0.14151748876628623
0.5588001619604306
0.9876533990192393
0.6977952846023446
0.2302161198299476
0.5155816550724064
0.03580734081584824
0.06172653253299154
0.04547837825332002
0.38930391546892107
0.16803520740731848
0.8901841813895214
0.7889672529693291
0.6121333455817721
0.5957930957070663
0.16987041332088426
0.8956369910795295
0.7961952482713719
0.3143139818595776
0.9557068452888249
0.3925152781974305
0.0759598234572475
0.24889674420691288
0.4182573265205035
0.9676382526001418
0.0073766261856071935
0.13565474741966876
0.22672278231592924
0.33901232413158944
0.03868048197685503
0.9067747292612175
0.4508885054983105
0.6316412541937505
0.47501851298000974
0.10912445594909759
0.33825555144966013
0.120070870914462
0.5475245437698888
0.6750876821083811
0.7766893359210487
0.8745677248366317
0.6671938030624432
0.18579358198376172
0.9882705093734813
0.5609625163794204
0.19488681683921294
0.6194468427328083
0.016634137770722424
0.8873525928482779
0.09101894943884836
0.46125395375651534
0.8679355118929755
0.9652722017720343
0.6219677946272555
0.9664799791641172
0.7446817935564769
0.1586034259379776
0.8949572903118441
0.31445941100652286
0.6720206761027141
0.8304142325346903
0.3691546409893779
0.3689234363584406
0.9576787384413541
0.7660747665471727
0.6479414970252727
0.7687955570959073
0.34959362402558547
0.9504165525959828
0.7957989788148233
0.11364601035025912
0.4593855784074439
0.8073637110331638
0.14297093729766375
0.07928465316207256
0.005166349050876762
0.9723791680876755
0.04204804551066599
0.4015114497744344
0.6937832784826979
0.16123284654644532
0.32284058587791276
0.7998320335849131
0.11045010354244034
0.7230131863814472
0.2553852458476724
0.07798549651372189
0.8128155969348616
0.020966916498980415
0.675657313819053
0.8344203512676108
0.9368742477775628
0.871666642039702
0.5545363748108556
0.4433936938767217
0.013723685104046424
0.8911694104320858
0.697800195953995
0.22615768183294682
0.36902570445702576
0.7462435085174356
0.45339799543904746
0.021736522262062685
0.4311292531079186
0.9894053970271711
0.2719808540336295
0.6880861156087918
0.5091649067929139
0.3684218213402757
0.7176437898108553
0.4169678001411342
0.11902254146599078
0.24409680351858432
0.058060080230394884
0.1296565312285749
0.7329748322605948
0.02457754256368483
0.8766656438328101
0.6356427091494815
0.9078113275136382
0.33007622928380953
0.24427722785428307
0.6827764702930407
0.10669901747200639
0.9388202188983185
0.8635052318330061
0.5048417312964714
0.17158709489361934
0.43320592155336046
0.25654821910361436
0.9813367547650284
0.32582509410261307
0.8645466237222684
0.5054327200550108
0.06427673042347215
0.7907649898764917
0.6854678445534267
0.27348888766555157
0.6981234461686169
0.5854700020994861
0.6609187408389878
0.837828600924503
0.06148533926028321
0.8452533426204164
0.4619310751428428
0.644819498538105
0.5930213768602379
0.042623025222098376
0.17067236215801784
0.46402507601774157
0.9290200704745762
0.823309220659549
0.9810031193591097
0.5608069617229221
0.5764152787483946
0.7804030212101274
0.9656625304974399
0.43376309646187183
0.8725382013053703
0.38123651543782766
0.8993710029554285
0.57040079822745
0.5416951197091977
0.43448613319088536
0.7765518836183358
0.362921441443268
0.9486989321316929
0.9390822319652337
0.8430386185847689
0.7957193079705412
0.9707715315133262
0.8918600044433845
0.673048480867469
0.767173936103338
0.2617737419075784
0.6474878027882991
0.0658664881867348
0.9405420501841517
0.5665077383459475
0.7220610886054608
0.31109917598904946
0.8322312416520542
0.6578765674744242
0.5108513422210985
0.6770201624629276
0.4404648698383674
0.4159743838252661
0.2510510252868985
0.8134447076998628
0.09332326682457215
0.5457196626266327
0.7019572373454036
0.12873378107502254
0.35237385635388985
0.4384332409181422
0.43788833789885284
0.0999429515682353
0.7465786111594566
0.7228017415898165
0.3532291332872691
0.9057945013611943
0.8308942967658609
0.12195616540554344
0.9643519824560589
0.7340664228347313
0.5649572605872343
0.3359344341508492
0.3597628955432468
0.6081546544812348
0.2894711213618696
0.8025856870782079
0.1976726986883176
0.6019804215609879
0.6413926403339867
0.35501339632871876
0.9792955547094268
0.8680773889400645
0.5937367772981483
0.9899431746321852
0.9365284463485886
0.9906079917009714
0.4317995660036664
0.18894026028765698
0.26426639170341204
0.7932224294319798
0.8848230803708669
0.49319109510450354
0.10046048155120857
0.8810877055014501
0.8206039519746936
0.3226017450297609
0.6111267425271331
0.8770778674175337
0.880273107106402
0.3512556688970815
0.7728657823328595
0.5240312718404138
0.18145098933786707
0.10381214882148326
0.9620544794949271
0.5681444847155178
0.7502094463794907
0.8212156440170049
0.25772269864477093
0.612986108192304
0.6557474960489558
0.05912543313249874
0.44422960641376186
0.9392787276876218
0.916415073888823
0.9287642430899306
0.060205528518198936
0.6225102250060741
0.12169535268868104
0.367423245701192
0.4818270363987369
0.14860075134185258
0.3719829675333055
0.33464993971951174
0.9513445901378627
0.12726489746107172
0.5764715253377785
0.37018502545005016
0.665883041964804
0.6333733603596426
0.3691910175911943
0.5210023801421254
0.5268880056554431
0.1685317059769572
0.9042116709162371
0.2473464847111414
0.9171913045168111
0.2282587506604724
0.5732580591726864
0.551449933764246
0.9205213119924064
0.9845602772594234
0.25245293825311366
0.23765278284831592
0.7273851795386804
0.6493586624420956
0.02963772240919782
0.908935106575357
0.5816012709264493
0.6711525547492878
0.48969261005873077
0.03241247066947295
0.5133621865602108
0.03544466204567953
0.5425058756958561
0.1651336677243942
0.2775600458648956
0.58889053375375
0.4667187578592026
0.22155866127656276
0.37020697512386735
0.48778443925543125
0.3120984841103025
0.48538426714499616
0.7311361399510805
0.58341292504894
0.054369040975035365
0.9209235439995691
0.7577691260073359
0.7999707256233112
0.9285554571586565
0.2230344764739436
0.5525881213460209
0.3351476002761593
0.1803739780659388
0.9596324660941423
0.9060520016713014
0.8191587725824707
0.06992741973044903
0.1071096213661279
0.3770476420901173
0.40490584171448685
0.3379410085881098
0.2565240937299028
0.9745688785283592
0.13011886828014496
0.5020011517767271
0.7772104939126232
0.3671676497273171
0.7917446164528031
0.28873553112509465
0.264502407562504
0.2508225526507749
0.003509928751184166
0.22760014630540049
0.669546529332043
0.4912225886691256
0.06950312851189899
0.9329149602670083
0.6117273349891191
0.9230647930740349
0.7997806498135359
0.883016500594609
0.5080102301679463
0.23681615520476906
0.418419995599596
0.5688726073974063
0.31854984143566767
0.21249187156680482
0.27010426275744404
0.7292305380641172
0.9041996382293163
0.6703535148936054
0.1182373264012847
0.015346987478333185
0.2190979922028009
0.9000322226492726
0.445753313154447
0.8355740851328726
0.8202945257481633
0.0024336729059551976
0.31919759060339215
0.31855321563181094
0.4664201722974116
0.5328828427101046
0.05732057291317105
0.30349394206376445
0.8986930538372137
0.06931876448742003
0.15734016104921356
0.016992639500675977
0.2500915212912722
0.8459502510359913
0.6751923186434842
0.6280717328940408
0.9123147708874126
0.390635963563439
0.530503144553136
0.18659688689928766
0.10519021021782038
0.18335271846156165
0.012680555842583208
0.5449563232751322
0.8394765127236855
0.7134688437143767
0.10143710510120896
0.7388627355073399
0.44154941638302103
0.955139549200737
0.0832198333687143
0.9603650434744049
0.31724723362088003
0.20299395659311903
0.3444369739669223
0.6946337829516217
0.17219157094725912
0.4143841588202063
0.15303560769570868
0.8118100916271058
0.4771880543268505
0.6898191118381826
0.701898117170796
0.4061855698981166
0.5698508618140627
0.28980665195971034
0.6806897343588092
0.9572061533253468
0.4173838765695741
0.6341796078420511
0.16720301127483583
0.950269963135935
0.7304904400227407
0.05908265021039383
0.6849098449192922
0.44001579889690423
0.8146727086342268
0.7171486068551028
0.860344818315424
0.16477535441792224
0.27272054314873084
0.8979943345262353
0.2321086413437783
0.7280885827019744
0.43097910364117475
0.21901786653193933
0.4126939010837657
0.051658862019043794
0.15202355922565347
0.5905799980943981
0.9849993371345133
0.7738502642396282
0.5176576390439698
0.5950052076649935
0.22731377072313885
0.5188067256989433
0.7186927885852453
0.9354383646121535
0.003713493173350013
0.9934985298775207
0.3717530997486279
0.9084448631570037
0.9312325004014838
0.6834791341838392
0.3983904577425925
0.43334410945725255
0.24082767878138878
0.5128609569937679
0.548083360428503
0.031616976218519666
0.5860760746768418
0.2099958472175092
0.6242319736908376
0.2913303693128205
0.4217049749890083
0.27757233695202255
0.48105116004945725
0.774372489699579
0.4734696263577919
0.40431869483433447
0.8993019503810349
0.028395117317902896
0.25155768346302
0.8752265697074408
0.5200913378743481
0.35070980630042603
0.5216132018397468
0.038187442564024066
0.11850901810307413
0.21798707754602964
0.14063753375715993
0.16716025391515088
0.6326593588830813
0.8434591560966074
0.6894379545651944
0.12546494875879988
0.5286848655869567
0.15242775040912415
0.8889594766611674
0.07752380373710532
0.2786677649324777
0.5772312969924772
0.874749102114942
0.12334824431369185
0.9558343839793153
0.4644257815826647
0.02196552767802029
0.13729629979751568
0.21027652115323314
0.5597866559017991
0.16276220968012234
0.2811013790143384
0.17844298091265043
0.9908397468605261
0.718534726052833
0.6309005834855843
0.2009436480390604
0.40198090297012756
0.48143845741918245
0.10896665733236166
0.5757470770054058
0.4138459059103776
0.5227455765254398
0.44307457108773396
0.9576423694956125
0.3764436254312
0.9800257003187776
0.18991024946374224
0.4298743969027399
0.4646667663700623
0.2807971658900408
0.9536553043986299
0.7201510406444068
0.5251462200718928
0.6972112984377533
0.8068586141657499
0.5107600597455334
0.7250170932122222
0.9944951948740596
0.5779317068426169
0.3013219738906405
0.9760149183893323
0.33529293755727385
0.10808177134191843
0.8227448651106557
0.31142343578559484
0.5327093185852703
0.8002225245019592
0.5722356580181139
0.8787457563187093
0.2067739024040165
0.783379853480039
0.6417618612664144
0.9775733082713423
0.39220773056553626
0.798335577545702
0.6461463770614462
0.6199773355601629
0.6697886871933637
0.4737292346629842
0.22201762903911426
0.4198506547563846
0.9492756146682161
0.0065646598945083845
0.2651256417624095
0.2279777040955433
0.6187657558368025
0.3870441670684347
0.8010744053875526
0.8212133099790055
0.8935234817539677
0.21488022006587237
0.14330955211927843
0.12700173191464148
0.846733045987817
0.8427106334592538
0.7822393533215078
0.9185692136085708
0.7852915907389105
0.051970228090287396
0.27065657089124484
0.6514750636725373
0.34567297711642075
0.7175482040195511
0.22316718421743598
0.12880732008262652
0.9280570595857444
0.9497871900794159
0.43112159559879504
0.9801611360563595
0.86133299637087
0.015856464477150056
0.009582431716847362
0.5186395222789635
0.9972493814840456
0.9372581102176132
0.4391528908384893
0.4004671106151143
0.26889784872199884
0.03620225835291502
0.3430275907111625
0.6534099706301671
0.11688109337137254
0.8608129072724314
0.8484180739268418
0.06304541099655103
0.5859300894364546
0.8576036918794634
0.42154336844445484
0.6100277259786324
0.32539955791055764
0.8793882269564928
0.13666527610748758
0.6368468867080729
0.68898469009815
0.11776753931049244
0.44218744750239247
0.6891794928580103
0.622166106885919
0.3315624180066744
0.6206258138973657
0.5247818676625708
0.05030439778523976
0.30603604931730766
0.3042975979368545
0.6119780213217761
0.035969080828477606
0.32247826313570793
0.6048646194659753
0.5501452582860571
0.061001825281808975
0.043699499621140614
0.6424060225822745
0.23620315497288868
0.40697660305097616
0.628209359382007
0.5184847124693684
0.27396231542758587
0.7571346711612608
0.07433064211887375
0.0677104524382185
0.07729118037045157
0.8235356452545287
0.7652268507715329
0.04359191007887442
0.3534108341652452
0.01508011467581405
0.9367975272117918
0.7470090177352824
0.16922900098193183
0.9052235283615044
0.322622221552998
0.48942597566983137
0.601476348495805
0.5326149109489717
0.5436106186269792
0.6980043743059152
0.05050942415619719
0.3735580953615043
0.9047429050742816
0.9160646636806407
0.6579964956848964
0.162107313361755
0.13726081410085256
0.42988399911854003
0.9103036894051556
0.6017728711883912
0.2818967220351597
0.761606555633616
0.4322507861868615
0.41222693884762984
0.34720429066502767
0.8080824102680645
0.18000744451287165
0.0850633048542
0.5967812251813931
0.9767394055982636
0.7272519949663726
0.18457906806537439
0.32015061854065774
0.2721319496096698
0.10531675224536008
0.02271058022124084
0.7242946570792683
0.920599733626273
0.7058954980873454
0.0616694440107467
0.1463103827564085
0.7855079801865169
0.08398976048522466
0.45348906828648194
0.13238429256183015
0.5218304673952403
0.10912276295066703
0.712605919475169
0.0542585106270439
0.146375203693485
0.8044510283462759
0.635763691292687
0.8415887607271946
0.45874218432588953
0.38625530859568136
0.23294314357216162
0.09706956655953325
0.5381408383688725
0.47039417834519937
0.6136835025083915
0.3309303937516602
0.3624850598836189
0.14765514328127582
0.4850766004868361
0.3023812048730722
0.44872147431488285
0.6465393530953453
0.1608777296394529
0.48781396643001074
0.2971369774715884
0.5998683310376409
0.7555922279220866
0.5090422581667639
0.3374292944847632
0.5107017500967409
0.543060459054387
0.9495880152667553
0.0206145703500491
0.8734076273493194
0.2959777421322727
0.3630013315463888
0.6783843069740642
0.5473274523170746
0.790950335446096
0.4344249445685091
0.7803131799803544
0.40333047058216775
0.563102157788352
0.19509259631084763
0.25935871643814157
0.9676527461813685
0.42491135725465456
0.9091763542304191
0.6473821361499021
0.7727686641956196
0.22586957741119607
0.7533746459591218
0.8649595959856328
0.3916432266214719
0.8227211946278212
0.6918596402046461
0.6435414252328361
0.6795660885069353
0.25445350764904506
0.012678832446857746
0.7230562630415099
0.5768690074629647
0.6718731623980065
0.8364322054862596
0.16434632330610843
0.936180382168059
0.658518067708479
0.5340234596434783
0.3433585130788598
0.22947209093144383
0.1978181183901735
0.397509474165587
0.45280581460657265
0.6630051183862796
0.6908321907526708
0.09654975273002786
0.6270519135473186
0.1823824455237788
0.10955266540855979
0.42268309853644015
0.12726136459812742
0.08526875132544509
0.5826832208291995
0.5746362710612991
0.3763966024699551
0.47593870446527864
0.4539595174347666
0.7700953953470658
0.01743217360838656
0.5936662542218983
0.12749598378944738
0.2828475416714141
0.5831956077720141
0.12606996694313088
0.8203069969809684
0.0989265427442757
0.8125332791382168
0.9788800599280096
0.6790637422124405
0.26137367780395826
0.12503910946157126
0.6151949347120217
0.5863129653372456
0.6304504175354105
0.27537243163794556
1.4642658315178192E-4
0.3807971649492211
0.22461675219525745
0.7482308171877067
0.390994456480363
0.1471804134271143
0.5273157160773013
0.026332551437834306
0.6980233846395758
0.69239771385003
0.1455805479308656
0.46630266922940833
0.9082140032456806
0.3190101267689639
0.9887083203732695
0.1511453116470074
0.11151663381219179
0.5303614963340002
0.6987196577695296
0.7530242564088117
0.9986520948335236
0.3579973020801903
0.40905127701584787
0.1363628409729507
0.30971958343261785
0.5887198746049324
0.033904413193668104
0.15881306522327876
0.604490984741613
0.2868179239025048
0.19789865603006762
0.8864331881333151
0.8981238526224367
0.656423394262914
0.6041577109381778
0.22945186173353538
0.16012595881971714
0.4696114584102421
0.10867945608931706
0.8262861171290448
0.409756371611957
0.9977747494206464
0.01982010649789434
0.8560194520634018
0.15764938352361502
0.626965903748146
0.1739479051150038
0.3433353891406281
0.24129937826768044
0.1123174588329513
0.15179935412423173
0.4349410292896255
0.681145807119575
0.7323115677959411
0.5947963748860917
0.0728038544473314
0.04434972682625171
0.4405863650290922
0.9565607106572639
0.4670645735453517
0.9449542421271268
0.48112982877300614
0.18208704260290576
0.7802774877794695
0.7319733037091918
0.832126101965159
0.7455141156485438
0.4746690904326437
0.12105416334455332
0.27438300371129865
0.1971587340981127
0.8453946681518335
0.5107114666050934
0.8421840231657638
0.8714547215831183
0.36531153454720233
0.9907311634803657
0.907571691968553
0.6896651337933365
0.6005770526551678
0.5981951750337076
0.17348354960777934
0.05471278979848848
0.6214180914519849
0.20567861447067304
0.40682586037093593
0.680200520422834
0.02870808448349249
0.5365232144885407
0.8294844218647888
0.8216694035572272
0.944526568045326
0.19369182039809318
0.703435761485698
0.7853694147883648
0.5736655666305525
0.2615611285961238
0.795536016930653
0.7782940511239096
0.2330857360236146
0.9941104065950885
0.08822916767984212
0.13295626131377902
0.06761455760002699
0.3383164492752916
0.3143299236682222
0.6913605079513269
0.022718147416131873
0.5581657214200164
0.6372009752124455
0.6648514924105535
0.02896659587968531
0.022547085203791006
0.07205818317075696
0.5999971825853465
0.7678526021682297
0.29938919645445294
0.04980147475214003
0.1753902091815085
0.834911829899088
0.058758868357489336
0.8616832017175705
0.43022813932655224
0.5936323769685214
0.9292380020258267
0.5912896629423543
0.6827597306163891
0.5224301570785681
0.3747482472115734
0.539725899073651
0.8351611485225424
0.39700573057239363
0.8630941747719176
0.08055757103085659
0.9811320734431883
0.22168744950019292
0.0828470874939049
0.3429780029572258
0.23347889557263313
0.4259046085529936
0.7317936957122905
0.11483232046232805
0.47117806927431305
0.4757234838984986
0.44802486127476837
0.8815451045790927
0.26888982617871526
0.7154182340953555
0.7838413751682514
0.9726615163720558
0.6166187714295371
0.95033752684183
0.7330054907569807
0.3746263041212925
0.16319437894440125
0.009867246994499701
0.21346820926091192
0.886588875143992
0.6244709698335509
0.2880779022294355
0.08055419460582347
0.945437098311851
0.6856236267485933
0.04968533824348775
0.6996872058899817
0.6269259130381045
0.19664259302992315
0.11024187195475843
0.8430913126101237
0.041681555030001816
0.7111057278183225
0.35201394551472187
0.6915039500421011
0.5880260034543984
0.45053461454360744
0.4207919705955606
0.019788821592396477
0.297979957712042
0.5901172004764087
0.8639166812489872
0.2244382863109453
0.8184673823471729
0.3563055034041295
0.916095206937705
0.7113061085774374
0.4066583593730012
0.8027745938521452
0.11711985586765017
0.3035132469168813
0.6865507760575451
0.2884544113784946
0.9543910124229131
0.7523211239192137
0.8133061917613752
0.6198234567718484
0.7631847023894871
0.13786752115202172
0.12251844714464066
0.5393797253218185
0.1888947889115805
0.9320132345262847
0.3035081980987495
0.7431803037773465
0.6180183876738724
0.7621476466925204
0.62890056345148
0.8925686333023365
0.11844264527831971
0.4626539818419815
0.7971568125698233
0.14868398130034877
0.5946293942200607
0.8298363751661479
0.5003953954133198
0.6030746383825991
0.059584137978413665
0.6064619231585492
0.9167516051919474
0.6037131983737938
0.15303393306119573
0.6136732210536373
0.944689209591573
0.3829385271524789
0.294028806268524
0.6208779173836744
0.1460914607442676
0.5823253955623185
0.14621936656355428
0.4983234898496447
0.04562266891487332
0.23920982375334232
0.3953531458564834
0.4324171903007906
0.6457664158593958
0.5505743944957835
0.19107105580049766
0.5004523384542008
0.7601093766424072
0.2622243631488821
0.9888739234222258
0.6992541455608156
0.04185481550711623
0.8446622177548321
0.9431689614889263
0.6013594857176618
0.39021332237701645
0.7117944853907439
0.44859436402597386
0.1726963980077434
0.7542324074992456
0.6145816497744884
0.9043598245618429
0.9273315954966148
0.22179117261699877
0.9989681030326285
0.2851292852090934
0.5177042712472276
0.680899446027089
0.5559059343431536
0.6420118439606886
0.06286794269316331
0.2711057841944978
0.4110129273741687
0.2285154937368935
0.002611811377483897
0.3047321173868026
0.40238147155784787
0.5488574318518953
0.031935989754278915
0.33081714385973204
0.6772819194237469
0.259813734855622
0.7182058940677761
0.5390646196744295
0.40198021528686323
0.5223307179821607
0.7324128640832545
0.7567569558967622
0.7236164673283876
0.09540827904493554
0.23631938004626551
0.878507904132113
0.24906758184660815
0.19230601667623992
0.8588693563893627
0.6868932970968817
0.21294331890699147
0.8779106373037705
0.8680947248191339
0.6714116110929287
0.195342488987425
0.5761432501889242
0.5988521398551144
0.6338913300073326
0.7197216145728507
0.07757346759915118
0.9320740945403087
0.5803752603599089
0.3122055668631589
0.28994687719112977
0.6378210760163779
0.6426765757378184
0.6358963100520314
0.8581210070536703
0.6922727142286649
0.5472150725045023
0.1272117353961637
0.6949443871569913
0.2578973593888205
0.45440668508845217
0.15601419262253524
0.41090217445756405
0.8763910755689396
0.8287924585683027
0.10726376340723187
0.6078907231673684
0.5655790016574815
0.36825844024960785
0.9391588026325657
0.01127289374795315
0.9343226932403297
0.9201108005224525
0.7112024600297485
0.45440477585304595
0.13357990665184027
0.7424356799681556
0.2953602181536502
0.8011133881604037
0.4471134765932637
0.4310863290005513
0.9844504490536847
0.9941443482459402
0.591948656943576
0.3258048431776466
0.9941364839135243
0.5513871968610509
0.34652902563871024
0.2333996834065749
0.9183650500588589
0.9967255628982375
0.9536233005422875
0.8615640549549235
0.04282248590233395
0.9086478053254743
0.8553861491385087
0.44383432599208517
0.046957224433663125
0.4972934314127432
0.7095786236048184
0.65435226353621
0.03234265791629176
0.8793994103045683
0.30880463808960557
0.060507866013011835
0.003632221897390653
0.5106493118752078
0.9787216984445553
0.04220467263012062
0.8980838653247265
0.556217837303465
0.2665358829633243
0.3184029200457037
0.010608669555526307
0.3328417880673924
0.2476923641196992
0.9647602401531643
0.19352451704853402
0.33953796005040193
0.576524286036165
0.08060325909872601
0.5236719104694881
0.8091272994486712
0.4857247343606811
0.0691282848373076
0.22427648200396944
0.1590139453553947
0.29985778150178133
0.8316421293704228
0.5049182816161175
0.19720652679370765
0.6697259952349518
0.04481981537297819
0.6401955853283047
0.44835847166993115
0.6572640032964958
0.0893682216172379
0.04614622017479464
0.5046429593315509
0.004728624562217787
0.12915007964469083
0.3332174469058067
0.877567177692322
0.4073078098309749
0.3017363473461673
0.31555061234599213
0.4293698345382059
0.3748725711498375
0.9745186416266728
0.7385744896646255
0.09643460108863289
0.3164469514295828
0.5449284383573693
0.05037674302572315
0.2821916603611836
0.8100733843004174
0.31897290980096293
0.887050634293886
0.9932679605313823
0.6311017610333903
0.5892114584637259
0.06818967194382897
0.5201867270949236
0.003532541088678287
0.15146196855774807
0.8059298729300244
0.22270483996025203
0.7118953335933919
0.14893831329995966
0.5194160427910733
0.769916647322242
0.1652465057520166
0.3131863160654422
0.1162948137785661
0.006541165519897585
0.24022033548022736
0.3830981607835853
0.8538135921494454
0.46934926408546984
0.7466703738110579
0.7264501440034362
0.9243316797930314
0.46147573524478414
0.6572886932701248
0.9628222155908807
0.7235255510151529
0.5074013009785647
0.8216927023198527
0.6924222767350859
0.3542979055312303
0.9576774013734896
0.7458205193001985
0.27225148746305916
0.29537551120251093
0.490006788850054
0.159077535324206
0.9492121445435426
0.32080853963914835
0.26208132182459265
0.5145283668906251
0.5591723604413129
0.695059465130471
0.5116176353575105
0.27152999495979047
0.4316668265516098
0.38809770884139605
0.470320522277621
0.7955532098797357
0.10182671361623019
0.5558908371491538
0.5610426477349061
0.9765416633353723
0.9242955901022925
0.8139115669552598
0.9811987607080813
0.21500830642477275
0.7083025724466435
0.8947551478529048
0.9405310248362513
0.2541719989729302
0.04872814848573981
0.12568866443236237
0.017611479712431155
0.4467871703509937
0.11491143243986568
0.7879304499122045
0.3270069640929941
0.4369220353017381
0.27711278811776385
0.8266843035060012
0.44782032438195263
0.9097920409698711
0.09995874343727085
0.5694295584727592
0.35436116848059007
0.01685656772528865
0.9128607882213107
0.07969495600920362
0.9109883612386755
0.31873899269268346
0.3793137782535656
0.5245206095348782
0.8457058320764883
0.6051312332203199
0.23014317235735993
0.4660389438631187
0.5008814983440534
0.7486959039968928
0.6001849939340951
0.30108211092249415
0.07449932888920263
0.82908050272231
0.21354622230720788
0.16744986908271886
0.5116427131023156
0.12350962823727996
0.9995071615325932
0.5114486541764819
0.6834466247471679
0.20202305731192505
0.5892919352136414
0.16853877723259103
0.9995454446859683
0.288278593309813
0.5433466632463672
0.24740365314731205
0.14008189769736923
0.2509406653143331
0.0894295937126387
0.3274814145199214
0.16463200509672882
0.07602695659338354
0.613731001843325
0.4809752999734317
0.8579396027692853
0.4371867854567114
0.14040492053574538
0.4125869275359041
0.8061436861643289
0.028736847651190667
0.5593090478777073
0.5736918583512522
0.36222001206871335
0.6553813186696621
0.41741275634676434
0.4524040901611944
0.3556484835516983
0.6828946388523923
0.6762478237597719
0.36695293926855266
0.12885580133314578
0.34564753251218905
0.9559397993481336
0.9970213693937335
0.24177297350793514
0.5797075752301266
0.4357727003535802
0.576172558732211
0.975885602154558
0.5043476478611756
0.7619034720804998
0.13821710087908168
0.5904442559869884
0.41014729233239144
0.02475658910129863
0.4613504065952372
0.13604112825417725
0.12847302988862963
0.11179335709331462
0.3861160486486831
0.5145485669286896
0.9549759498848569
0.5157648935894529
0.9967277146098853
0.3894536534540636
0.8788456294298281
0.9842210508431243
0.7500085676921343
0.496912525474121
0.7299118303970631
0.23296227294212524
0.012183772832208617
0.8853867254015543
0.9972864752045965
0.31428528727931215
0.6209884725055279
0.620513522054409
0.4960900187723686
0.13028733275602455
0.029029400548449824
0.5319006468222418
0.762907989654724
0.012157994209449074
0.30406624002387406
0.6498251907731897
0.04597509400949129
0.2483017504478321
0.7628536667177882
0.08235560090695737
0.02268577239756009
0.9372979774418198
0.2974133148035455
0.21720449437357614
0.9248814267042627
0.5661200028828173
0.5160800394419662
0.297659287884557
0.5814666464105331
0.26969811186411763
0.6663942417202969
0.6182265812767124
0.998257782471439
0.8148257635708739
0.9328884308196718
0.8131654501970805
0.4865689462227626
0.9695726524994882
0.11004247600519013
0.9698735481019706
0.024892383788736927
0.06878151727857762
0.8391589516177488
0.5891295482098552
0.4921312099291577
0.26689067135878486
0.5676363053113328
0.7354835875308443
0.646194497083584
0.18123737738703238
0.14009405818394982
0.07362779250975704
0.23836588760252242
0.37216183824944526
0.4630312328226621
0.8703664537589162
0.45170898813739657
0.38064551228307264
0.9981751668036237
0.4568458468782681
0.9308737883348059
0.8498810803510746
0.9344049357227163
0.09199189676130759
0.03102014359587324
0.5940864268839101
0.7641099187361535
0.6456433409373176
0.5551761690556598
0.3460379587385325
0.6470708127584973
0.02865694546192421
0.17220067266889416
0.31421330441711814
0.38342646170617867
0.8373005736097675
0.9116200606995734
0.6110974978282876
0.03701713673762008
0.2505385643720356
0.6169626114916087
0.07612049809384691
0.2513709683383215
0.8213535985465995
0.005813444297103398
0.00985819417012701
0.08282698377824538
0.4370376159425654
0.03266596227391416
0.8605429216895474
0.7387645859470986
0.38842382679349985
0.5797466101689488
0.9595939331094031
0.9536362159203107
0.18432080965782427
0.1113415885442337
0.9897918847777152
0.8614761648306046
0.4749487029273496
0.8187556347955539
0.9878856962040992
0.13078509869949095
0.20696657756564196
0.9558844891874373
0.3328342780931218
0.8161668626221047
0.9227193291649984
0.519484465003181
0.35154951225041153
0.8508199436733106
0.9376210729838919
0.16357372671365655
0.8859209453426892
0.35496311340915165
0.9821315713230835
0.2540018048094582
0.4080669147807442
0.9675013037245757
0.7785708802788778
0.2670752591177049
0.04517063285041534
0.2217139176133347
0.9380567670004336
0.3152289443920552
0.18092397890819956
0.5804747162507768
0.5091383269817682
0.4430839731175975
0.13751576313643743
0.12248897859317787
0.48723827928917773
0.47883501709613563
0.8102653270413321
0.028260052678051317
0.6028058147751986
0.6487611159778183
0.02641628225560888
0.9529737537220034
0.7461202175517719
0.8667556823832077
0.8302694222124107
0.0932163709286099
0.4579755449039632
0.596123282144795
0.8587478344462598
0.25541770003412034
0.018014590921807017
0.44749159397715166
0.464651188365665
0.5161377406843491
0.7962705553530167
0.2245395169786828
0.26927050646393447
0.1277920280603111
0.6985129105920063
0.9583429714850109
0.38169837320631095
0.16813691572381162
0.732283631611223
0.5814923734339463
0.6090842833920667
0.05781325139655846
0.9480489014280473
0.2847364484838114
0.6002478345178636
0.47747273295714865
0.2686801797274251
0.27175953612690984
0.014477793580514042
0.40448854015318114
0.01051815270710188
0.5818003141853192
0.48800803888865973
0.95897762814851
0.2205613627069527
0.8851719604014733
0.38257613432662385
0.49983944149980053
0.30686128656334166
0.6733448357600619
0.043633991008001805
0.9437415726336069
0.8229937603184942
0.06310510357825672
0.5701943783014931
0.5934600574096965
0.6825166453026575
0.5134032643424632
0.9039608154176219
0.8567084410422647
0.5256117565019035
0.11385909914082948
0.382302872711061
0.11256581813587907
0.43764893460780896
0.7454903533594479
0.7678023802422292
0.6398414496098368
0.7281988622928015
0.337084518099508
0.16651071512785998
0.9601893811066876
0.01905995045612119
0.6447344019862984
0.17772099852032752
0.16851348882278172
0.46115451373067307
0.4674097545508933
0.07997328701506357
0.8241796969157
0.5026877001110763
0.9780389892704471
0.8511746786154482
0.7587789378282124
0.2647521130820625
0.8974262102870572
0.34513066846291385
0.7196605411257623
0.24560017166978687
0.5674307917065975
0.0024479369772467674
0.11318300041955287
0.7710949795054362
0.5901877997602846
0.06068261399348984
0.2376047249252755
0.33638996567014934
0.5917496870567599
0.3467726819855129
0.3027649339612787
0.7426762531608012
0.8413807043881226
0.38420668198590124
0.22218039511526033
0.7228760208879252
0.911837425439886
0.7280451746959565
0.632911352625905
0.5714490687133598
0.30132000926335156
0.15282574147025296
0.8495254203984972
0.14601878938857804
0.9543809885283016
0.5615455826714042
0.4907158794486507
0.49231319869647794
0.9169289351867925
0.2583310241593698
0.3306063713068116
0.25895499610656614
0.9395670892389762
0.5330660358597201
0.5215014403316527
0.014924564639637983
0.7038575449567258
0.3431669082137243
0.7108181577930271
0.5600582560605329
0.4877039402074086
0.24585375285614908
0.7321613031398048
0.327733555656332
0.5088966591845762
0.633683802774234
0.488980585954496
0.018931885642771262
0.8899664379583623
0.7567753476770727
0.36897531148228735
0.6781587684644015
0.17284351039335244
0.9770654613194011
0.02838827789434062
0.5242400544315323
0.5784213455466478
0.1931085203044266
0.6675574237724423
0.9828022053913291
0.7539752953515897
0.3983366830995283
0.9825699852193174
0.5322835171070089
0.5804882704048959
0.8913675018980908
0.8225909103025135
0.1716121941597003
0.7222868787278004
0.743857991474806
0.2084135539159201
0.5452263773933682
0.9929931468313906
0.7495683908802753
0.7750072369695188
0.019900326775660893
0.2846488750734092
0.22771321115709942
0.8893130106878917
0.2978797436280516
0.7609701167124518
0.7343406986351506
0.664265264060257
0.47211867386500694
0.2510425335825296
0.9473965853362968
0.8409937528252778
0.7819490184533622
0.2963681975374728
0.7342913825887742
0.043386632269522774
0.7113034600210265
0.10202731736043069
0.6852052131300153
0.22267228933644878
0.4866506449786536
0.7218190708853567
0.20102746934572602
0.20440379299617994
0.47809159806975843
0.16759778791356827
0.5617434855904284
0.1262066420730965
0.4846047464343358
0.7746220749666519
0.2692437319120208
0.21187694997193662
0.39321605174995156
0.07758591756102573
0.35794551677385034
0.765893757722081
0.24191002555839602
0.6561028014553576
0.2972814417243206
0.49213592968321807
0.2873865811755818
0.893764911489018
0.5720218979295494
0.24157012135052292
0.28130689135007203
0.36150137274411764
0.019564696767921386
0.07590364252175286
0.7924619821392429
0.5838111017325579
0.5277369724791066
0.09767185532278977
0.07733523158544053
0.2755469116154826
0.7523203241517933
0.8419569062551077
0.6978200830516229
0.7472799575530346
0.10042302689801486
0.15091057623215964
0.81239319361033
0.06887412300076734
0.343987806269084
0.35948128630220566
0.8258316627294481
0.7537524392196797
0.8771375132144471
0.3092211074012946
0.8726029820233869
0.18043852217092382
0.8117252810654313
0.17677591066957976
0.4303446794869763
0.7033080600386337
0.8173694821700528
0.3546375952657893
0.21238999851180207
0.42108644509779425
0.85541816240104
0.6539647575712022
0.37208505669980674
0.8694808761870071
0.7307017525396446
0.9127538962269299
0.96668175713562
0.483436010251717
0.6905963192701599
0.6873704108405445
0.5748801247234466
0.5348546276346202
0.13783476468663525
0.08142486424431405
0.9396325054423671
0.39322551775113523
0.8916661735994073
0.9232067737071304
0.5166111804022381
0.37945324226023414
0.331378591697021
0.4413644877108541
0.8487801709724363
0.18728516455753985
0.18686410987398172
0.3082467583979752
0.7588011075888934
0.8320830978083098
0.7028191977298066
0.4212973196162988
0.4535414815805753
0.35328876279707155
0.3963373104440602
0.07512150919140037
0.7687437657794008
0.04478305262743232
0.652065260464472
0.24031935070747368
0.946951826979855
0.8164413920561785
0.9547580744842947
0.5099070199214267
0.5380808891178752
0.4005387813974689
0.6459819080536975
0.9001245684856966
0.23955603030842976
0.5082593076542049
0.7098783826592072
0.09965468120848886
0.7517331954255323
0.7144174044348558
0.24231742669162892
0.9497535976187298
0.014356157541209336
0.8025984306210785
0.9384304748947644
0.9075220579989323
0.5110914996624267
0.5382789095301791
0.145429281755316
0.9955204932443718
0.6817227645147548
0.35408761472310213
0.7707798829339599
0.2731597099827182
0.8653746134325198
0.22922031765454232
0.6102157246964441
0.17877392628085642
0.613175791343904
0.12412297901211466
0.46573715446326547
0.18601092916650153
0.6550598621936174
0.6919091585441104
0.7606593807950576
0.09414927180541832
0.28294118362347265
0.6295794788892842
0.22693461363022982
0.9291801550174441
0.4212924727915255
0.9549622298510658
0.6393884715542026
0.8709675043400661
0.19618993448127675
0.699395952004735
0.5021741488699276
0.84152645716719
0.385180504895567
0.9915261537163016
0.05466290876279922
0.3904374036553401
0.7328651872915655
0.2741901621615598
0.9571526038285351
0.295638509193038
0.7508810648647488
0.4442156821003441
0.5411905191248949
0.8613172506025796
0.2860042048738203
0.034059637961161404
0.5649707250488323
0.23934703368380406
0.8363843042583702
0.16456636158538118
0.0011802565030010204
0.22669221111167148
0.32346106105284733
0.889724926216026
0.502832190051845
0.898431149557991
0.7859015450173852
0.7271574121273378
0.842038532391595
0.12452355061190201
0.25193655493131295
0.6221713623406747
0.7973387216334886
0.48817477320511093
0.8677634747367705
0.32856133361332696
0.6771147840610073
0.37462645070758926
0.21222149432329318
0.20594559776728572
0.9097875512401077
0.03142949696719888
0.6117350595290127
0.7312765044853544
0.9059025227464896
0.21473181785747897
0.18455952832502154
0.6012632473670537
0.7028779599480913
0.630839835761039
0.28965293163445216
0.16279889140482906
0.7401024507092564
0.7582892507703518
0.03303598094521076
0.050083651054621425
0.48023219878655954
0.7928875559307874
0.4932921749500806
0.32998902246005035
0.4919533754542379
0.39666665312337235
0.3678987242101016
0.16130831372232413
0.04013813532649246
0.6514109994832556
0.8133678707517566
0.9588909016847706
0.1912376365912064
0.11840327833601916
0.3547174458080645
0.3202591890449351
0.9349189357258773
0.18825567821128042
0.8735786024529193
0.5201586225092301
0.8473669449873664
0.9681721027880563
0.8492875657557476
0.20759278270578918
0.37733671937231017
0.7987125798486695
0.22359742323579446
0.05024714184492518
0.92295519323588
0.11810806834522847
0.4871850453918861
0.4628066503669005
0.4854359796003702
0.7994003490034378
0.8449170160115971
0.22852365042734424
0.8352842041436408
0.2741581725375254
0.6068782761255413
0.7774945863089212
0.8072332978432676
0.7262474199343757
0.2734549295253347
0.12045535291741782
0.5520688347017384
0.3901098056926666
0.1353033583001103
0.9535062808514314
0.31665940546640325
0.5202306289961126
0.5928253741925548
0.24703033925507578
0.5979277077157316
0.911953618843457
0.8148090842597431
0.7111683161741129
0.3221600535871195
0.9485263465648147
0.8021839755737034
0.8905676215359835
0.03796565328304358
0.025237105644825952
0.40037770501151315
0.2827221817917507
0.9793617227765354
0.8587304849063263
0.3125511718613131
0.7970723846054945
0.25487430365795205
0.6280650256570092
0.7060277871193936
0.0761361122483879
0.34920856589252025
0.11380365276689142
0.5755211822769104
0.6852931132367616
0.5859569460432291
0.0024032769137797283
0.6293057086099644
0.944446450635321
0.19297681710537573
0.30539753747678466
0.09826225510460318
0.22263659193297802
0.13648405449716294
0.40634202475722103
0.5327714076219079
0.8457851691349061
0.945572814496123
0.5932190312161463
0.34871484658675356
0.37809685162482476
0.33578540432933845
0.05997467250620714
0.6113852827565056
0.929249645075636
0.5585210555534753
0.26808807047464145
0.3048936703766991
0.3123549459221858
0.052485540351198456
0.24754883111737125
0.12470217923615812
0.3317710778312991
0.15404841059765395
0.8863456532001758
0.6522000676082488
0.21520487868256732
0.33528828628792406
0.5085453593156658
0.6227786371218246
0.2211374885874856
0.6816706973902912
0.07326820383396193
0.8826508533437545
0.7504628561279264
0.09571713377288149
0.14034208583871266
0.5446998795887873
0.8703278894739298
0.018688151740507752
0.3431444899568491
0.7999299777017772
0.018515550350793664
0.29921713117594995
0.4851180245017249
0.8186326504564111
0.7983137503504691
0.2059955726833177
0.5336714023052411
0.1841691052720814
0.19666369062462774
0.481024954224783
0.7236548203870689
0.3423101927067894
0.262483939963175
0.7606138335026391
0.7023248987390631
0.6203634287672379
0.2674173622632796
0.6532134566731539
0.14869115590886262
0.472855544243171
0.6378495007264338
0.256348872451191
0.5823621780509434
0.744329140893533
0.49489939649973347
0.9193165708621526
0.1404868178037746
0.9048495543817703
0.4681843816934713
0.6139841615355582
0.9461115406612607
0.4101085600154981
0.559512612730809
0.3629410277917363
0.3172524145687411
0.5655496855691432
0.2242585262239999
0.7924133856168963
0.4732060691434521
0.532729177134567
0.5110276914787651
0.02677135514427187
0.583101050515994
0.40616602617047537
0.054319535769030036
0.8221191141287186
0.9714173695573919
0.6102230891427501
0.9502476554833281
0.048373974677057285
0.04617832594572824
0.2181006607773519
0.06197900080772145
0.37240390708959514
0.04774579710788063
0.17881292940964166
0.09940517848153718
0.26920693938184737
0.029626559824866727
0.8530566376158374
0.896659921521991
0.2937803604185245
0.5774230718299285
0.7051704700910062
0.6714492131789939
0.8832415267091446
0.6480401334634754
0.47592280616330906
0.6917614359036233
0.8269257797221667
0.5684838940823869
0.6696542232840973
0.6983768524961027
0.9416018333745059
0.6720673970918704
0.7293408167089344
0.6356971065162467
0.4196081887273748
0.2695626071126429
0.8444324761882752
0.7287670422527596
0.7796287594079822
0.6538160601817092
0.9388605922191378
0.7109629016505347
0.3429898458159508
0.6185712408024492
0.02039754350369294
0.05467197741868923
0.6827744599087149
0.5357179768006887
0.7375901395598566
0.38639123385370455
0.5487143117333937
0.3799150807151519
0.6867780075027458
0.8780228373457902
0.35773371922103137
0.21550961354478881
0.739246658637441
0.29774739273734874
0.458183607007011
0.567902148708452
0.4173549003704051
0.5767059081765286
0.02521831854348433
0.7899845807242631
0.13851431732109665
0.20182438486738208
0.6254313456829704
0.004002821189352024
0.9671881149603948
0.48046527845815756
0.20078073992846668
0.4501742833793171
0.3676158369732435
0.7391926144976906
0.46499859998450155
0.1056155763946488
0.3337592295313284
0.8167885063340947
0.48009346394836305
0.25061312495573806
0.18800341291287925
0.7907605744134552
0.4862181813351458
0.25399571517181463
0.28643732318240867
0.736931436891654
0.8950900177213538
0.22534446177745104
0.8460755856470986
0.4633028390847048
0.7253140103928797
0.33900253255356827
0.11817357267203688
0.5822384860810746
0.657374187035024
